1.	-55 x -21 
	55 = 0110111	-55 = 1001001
	22 = 0010110	-22 = 1101010
	
	iter	step	Product Reg		pre	Desc	
	0		0		0000000 1001001	0	initial
	1		1 		0010110				sub
	1		2		0010110 1001001
	1		3		0001011 0100100 1	shift
	2		1		1101010				add
	2		2		1110101 0100100	
	2		3		1111010 1010010 0	shift	
	3		1							do nothing
	3		3		1111101 0101001 0	shift
	4		1		0010110				sub
	4		2		0010011 0101001
	4		3 		0001001 1010100 1	shift
	5		1		1101010				add
	5		2		1110011 1010100
	5		3		1111001 1101010 0	shift
	6		1							do nothing	
	6		3		1111100 1110101 0 	shift
	7		1		0010110 			sub
	7		2		0010010 1110101
	7		3		0001001 0111010		shift
	
2.	-62  x +45
	-62 = 1000010	 45 = 0101101
					-45 = 1010011
	
	
	iter	step	Product Reg		pre	Desc	
	0		0		0000000 1000010	0	initial
	1		1							do nothing
	1 		2 		0000000 0100001 0	shift
	2		1 		1010011 			sub
	2 		2 		1010011 0100001
	2 		3		1101001 1010000 1	shift
	3		1 		0101101				add
	3		2		0010110 1010000
	3		3 		0001011 0101000 0 	shift
	4		1							do nothing
	4		3		0000101 1010100 0 	shift
	5		1 							do 	nothing
	5		3		0000010 1101010 0 	shift
	6 		1							do nothing
	6   	3		0000001 0110101 0 	shift
	7		1 		1010011				sub
	7   	2 		1010100 0110101
	7		3		1101010 0011010 1	shift

	
	